result:
100
100
100
100
100
100
100
100
100
100
100
100
100
100
100
100
100
100
100
100
100
100
100
100
100
100
100
100
100
100
100
100
100
100
100
100
100
100
100
100
100
100
100
100
100
100
100
100
100
100
100
100
100
100
100
100
100
100
100
100
100
100
100
100
100
100
100
100
100
100
100
100
100
100
100
100
100
100
100
100
100
100
100
100
100
100
100
100
100
100
100
100
100
100
100
100
100
100
100
100
100
100
100
100
100
100
100
100
100.916758343
101.448478181
102.383571691
103.364503117
104.345434543
105.271360469
106.31646498
107.370737074
108.333333333
109.415108177
110.441877521
111.541987532
112.66043271
113.778877888
114.906490649
114.163916392
115.300696736
116.455812248
117.610927759
118.784378438
119.9669967
121.167950128
122.37807114
123.606527319
124.853318665
126.109277594
125.458379171
124.642464246
124.00990099
125.256692336
124.642464246
124.642464246
124.642464246
124.642464246
124.642464246
124.642464246
124.642464246
124.642464246
124.642464246
124.642464246
124.642464246
124.642464246
124.642464246
124.642464246
124.642464246
124.642464246
124.642464246
124.642464246
124.642464246
124.642464246
124.642464246
124.642464246
124.642464246
124.642464246
124.642464246
124.642464246
124.642464246
124.642464246
124.642464246
124.642464246
124.642464246
124.642464246
124.642464246
124.642464246
124.642464246
124.642464246
124.642464246
124.642464246
124.642464246
124.642464246
124.642464246
124.642464246
124.642464246
124.642464246
124.642464246
124.642464246
124.642464246
124.642464246
124.642464246
124.642464246
124.642464246
124.642464246
124.642464246
124.642464246
124.642464246
124.642464246
124.642464246
124.642464246
124.642464246
124.642464246
124.642464246
124.642464246
124.642464246
124.642464246
124.642464246
124.642464246
124.642464246
124.642464246
124.642464246
124.642464246
124.642464246
124.642464246
124.642464246
124.642464246
124.642464246
124.642464246
124.642464246
124.642464246
124.642464246
124.642464246
124.642464246
124.642464246
124.642464246
124.642464246
124.642464246
124.642464246
124.642464246
124.642464246
124.642464246
124.642464246
124.642464246
124.642464246
124.642464246
124.642464246
124.642464246
124.642464246
124.642464246
124.642464246
124.642464246
124.642464246
124.642464246
124.642464246
124.642464246
124.642464246
124.642464246
124.642464246
124.642464246
124.642464246
124.642464246
124.642464246
124.642464246
124.642464246
124.642464246
124.642464246
124.642464246
124.642464246
124.642464246
124.642464246
124.642464246
124.642464246
124.642464246
124.642464246
124.642464246
124.642464246
124.642464246
124.642464246
124.642464246
124.642464246
124.642464246
124.642464246
124.642464246
124.642464246
124.642464246
124.642464246
124.642464246
124.642464246
124.642464246
124.642464246
124.642464246
124.642464246
124.642464246
124.642464246
124.642464246
124.642464246
124.642464246
124.642464246
124.642464246
124.642464246
124.642464246
124.642464246
124.642464246
124.642464246
124.642464246
124.642464246
124.642464246
124.642464246
124.642464246
124.642464246
124.642464246
124.642464246
124.642464246
124.642464246
124.642464246
124.642464246
124.642464246
124.642464246
124.642464246
124.642464246
124.642464246
124.642464246
124.642464246
124.642464246
124.642464246
124.642464246
124.642464246
124.642464246
124.642464246
124.642464246
124.642464246
124.642464246
124.642464246
124.642464246
124.642464246
124.642464246
124.642464246
124.642464246
124.642464246
124.642464246
124.642464246
124.642464246
124.642464246
124.642464246
124.642464246
124.642464246
124.642464246
124.642464246
124.642464246
124.642464246
124.642464246
124.642464246
124.642464246
124.642464246
124.642464246
124.642464246
124.642464246
124.642464246
124.642464246
124.642464246
124.642464246
124.642464246
124.642464246
124.642464246
124.642464246
124.642464246
124.642464246
124.642464246
124.642464246
124.642464246
124.642464246
124.642464246
124.642464246
124.642464246
124.642464246
124.642464246
124.642464246
124.642464246
124.642464246
124.642464246
124.642464246
124.642464246
124.642464246
124.642464246
124.642464246
124.642464246
124.642464246
124.642464246
124.642464246
124.642464246
124.642464246
124.642464246
124.642464246
124.642464246
124.642464246
124.642464246
124.642464246
124.642464246
124.642464246
124.642464246
124.642464246
124.642464246
124.642464246
124.642464246
124.642464246
124.642464246
124.642464246
124.642464246
124.642464246
124.642464246
124.642464246
124.642464246
124.642464246
124.642464246
124.642464246
124.642464246
124.642464246
124.642464246
124.642464246
124.642464246
124.642464246
124.642464246
124.642464246
124.642464246
124.642464246
124.642464246
124.642464246
124.642464246
124.642464246
124.642464246
124.642464246
124.642464246
124.642464246
124.642464246
124.642464246
124.642464246
124.642464246
124.642464246
124.642464246
124.642464246
124.642464246
124.642464246
124.642464246
124.642464246
124.642464246
124.642464246
124.642464246
124.642464246
124.642464246
124.642464246
124.642464246
124.642464246
124.642464246
124.642464246
124.642464246
124.642464246
124.642464246
124.642464246
129.856725783
128.620702647
127.384679511
123.845465721
122.031956366
120.287677814
123.360850093
123.229142709
122.369667605
119.993869036
118.590678836
114.757656268
113.849213034
112.332889569
108.690673852
111.493677139
116.606625304
113.80699913
112.077917584
112.040769347
112.246773203
106.784293906
104.064029872
98.8987364652
91.1482635204
94.5135560213
85.5996678567
76.0323084438
78.2156116067
81.7683338454
85.6520130988
80.6471325305
81.0186148939
79.3452557026
78.1176753472
77.1754609893
72.3732071647
67.6317413631
69.257820981
70.2084781199
69.9214235664
67.4274260633
66.448063469
68.8272391507
67.364949484
67.7853999771
69.2966577735
74.303226898
96.5229378958
94.8985468342
107.674163022
122.352782043
121.025576872
121.947528556
136.469111851
136.26986222
133.944720336
127.307005925
114.222383954
105.573599112
121.961037005
119.05503179
119.05503179
119.05503179
119.05503179
119.05503179
119.05503179
119.05503179
119.05503179
119.05503179
119.05503179
119.05503179
119.05503179
119.05503179
119.05503179
119.05503179
119.05503179
119.05503179
119.05503179
119.05503179
119.05503179
119.05503179
119.05503179
119.05503179
119.05503179
119.05503179
119.05503179
119.05503179
119.05503179
119.05503179
119.05503179
119.05503179
119.05503179
119.05503179
119.05503179
119.05503179
119.05503179
119.05503179
119.05503179
119.05503179
119.05503179
119.05503179
119.05503179
119.05503179
119.05503179
119.05503179
119.05503179
119.05503179
119.05503179
119.05503179
119.05503179
119.05503179
119.05503179
119.05503179
119.05503179
119.05503179
119.05503179
119.05503179
119.05503179
119.05503179
119.05503179
126.34771198
123.801331955
117.328740338
122.417495071
120.444876649
118.605435002
117.65517364
103.829822085
97.2540935652
95.8241955409
94.6676603742
104.114199563
97.1739872333
95.9323390889
92.7140672051
94.8489009501
94.5264729642
94.9129860156
106.102839252
110.108155847
124.051664242
124.467215839
120.51396836
129.908438433
127.408119548
128.053976849
121.636458335
122.484584124
123.716218977
122.418496401
126.903449657
126.192505962
134.739851575
136.525221447
137.432425656
135.147392539
136.058602064
135.403732801
124.280968617
124.847720915
116.446569358
120.140472587
112.978966516
113.825089647
114.170548203
117.884478015
116.902174121
116.902174121
116.902174121
116.902174121
116.902174121
116.902174121
116.902174121
116.902174121
116.902174121
116.902174121
116.902174121
116.902174121
116.902174121
116.902174121
116.902174121
116.902174121
116.902174121
116.902174121
116.902174121
116.902174121
116.902174121
116.902174121
116.902174121
117.209132635
116.480835627
117.412215455
114.101031781
114.511865991
115.082598742
114.399820297
117.489246869
116.996712674
120.033617828
117.537099718
116.425979923
115.194644436
111.148160898
104.767392076
105.485184801
104.594654965
101.374508417
98.6842446285
101.547245528
97.6186433968
97.6186433968
98.5695725926
97.4184477766
94.0698268507
94.4806934433
94.9218221645
94.6902004877
91.6954136812
92.1388702584
92.9198659627
93.890581935
102.550206436
98.1505585039
96.9226144383
98.9967341775
98.8524071025
99.5763703336
103.039056206
100.339907118
102.7771724
106.736855539
110.254246028
119.171098622
113.379392774
110.332229206
112.72759308
110.170443211
103.965542913
104.106378204
106.080400133
105.208618043
104.123837125
104.66855544
104.250705279
104.051673587
104.915308181
107.394474873
110.285672085
110.285672085
110.285672085
110.285672085
110.285672085
110.285672085
110.285672085
110.285672085
110.285672085
110.285672085
110.285672085
112.205272983
111.072166478
111.422559813
110.387765107
111.039395878
113.203515867
111.687245426
111.687245426
111.973278787
111.13399669
111.031125043
111.354794372
109.741465858
108.941074262
109.322452076
107.852140242
107.267528199
107.503380267
104.784808813
105.330530356
105.863706576
104.408449129
102.722357743
98.477020502
98.258731885
97.6502837285
103.456259127
102.221799362
102.221799362
102.221799362
102.221799362
102.221799362
103.509326813
106.381796743
107.546036767
105.896273064
107.815489699
110.065167475
113.177857235
111.890329785
112.820705001
114.780593776
117.525963266
120.716184294
121.755865888
121.155951814
125.408732515
122.701493157
123.663643483
125.185035742
123.897508291
123.897508291
123.897508291
123.897508291
123.897508291
123.897508291
123.897508291
123.897508291
123.897508291
123.897508291
123.897508291
123.897508291
123.897508291
123.897508291
123.897508291
123.897508291
123.897508291
123.897508291
123.897508291
123.897508291
123.897508291
123.897508291
125.03266937
125.047664892
124.866219066
127.009079279
130.360578632
131.906617036
135.004692053
133.72857306
133.166240954
134.578819204
127.346478543
127.346478543
127.346478543
127.346478543
127.346478543
127.346478543
127.346478543
127.346478543
127.346478543
127.346478543
127.346478543
127.346478543
127.346478543
127.346478543
127.346478543
127.346478543
127.346478543
127.346478543
127.896891657
126.655990234
126.756514785
124.3225023
126.590072496
125.195912332
125.052541251
129.76236365
127.053144607
124.797110015
122.287292131
121.033207161
119.690133244
118.388257913
117.213274229
118.010878862
115.17312023
118.220167681
129.927157995
127.346478543
130.825287179
127.887003996
126.103929176
120.566839163
121.834107681
119.510507407
119.360544552
118.495374238
115.723533344
116.494770882
116.400838105
116.400838105
116.400838105
116.400838105
116.400838105
116.400838105
116.400838105
116.400838105
116.400838105
116.400838105
116.400838105
116.400838105
116.400838105
116.400838105
116.400838105
116.400838105
116.400838105
116.400838105
116.400838105
116.400838105
116.400838105
116.400838105
116.400838105
116.400838105
116.400838105
116.400838105
116.400838105
115.58615146
118.304422995
117.469865945
117.469865945
117.469865945
117.469865945
117.469865945
117.469865945
117.469865945
117.469865945
117.469865945
117.469865945
117.469865945
117.469865945
117.469865945
117.469865945
117.469865945
117.469865945
117.469865945
117.469865945
117.469865945
117.469865945
117.469865945
117.469865945
117.469865945
117.469865945
117.469865945
117.469865945
117.469865945
117.469865945
117.469865945
117.469865945
119.146760251
118.017038208
116.116086295
111.344838502
110.837760758
110.42502306
110.682099684
108.106616446
103.439142703
104.625468773
101.818852425
100.467431275
103.243387109
100.979226021
101.229227141
103.212726595
101.840078935
97.6254374098
94.0947612133
94.4532533856
92.8942841365
89.8353081666
85.7857617208
88.5357740422
91.6867315562
87.523977056
80.14422701
78.7550698425
105.104244503
102.031117527
123.344892268
132.729368278
161.095061407
167.878110667
146.599713442
174.448894824
162.573841618
162.656389158
157.047873463
163.446487037
171.000766167
176.547960833
168.361603399
160.802607267
168.540849485
166.441783477
170.338027349
166.842728669
167.61395854
178.349855699
185.2201695
186.366401051
195.798047083
221.842975097
237.010495885
219.710890073
229.44442425
227.01045108
240.560040091
243.744016621
229.920841479
229.373669216
230.894902447
218.779282125
215.658985126
228.545835318
216.614178085
216.614178085
216.614178085
216.614178085
216.614178085
216.614178085
216.614178085
216.614178085
216.614178085
216.614178085
216.614178085
216.614178085
216.614178085
216.614178085
216.614178085
201.1419699
203.811505081
213.070027465
234.641699286
232.592227289
256.461396381
242.973390385
223.976612522
229.625714477
221.08515999
213.752096967
219.890722489
217.955472657
234.109750344
217.599752198
220.177909647
231.606653175
236.247336584
232.256087773
238.613367154
239.341125523
230.216406247
230.6080251
227.520763142
228.055975574
228.150616797
225.960814711
221.790073926
221.271178946
223.656790459
222.403610129
224.384548827
223.088943122
222.667952855
221.235280551
216.411841677
213.425747923
213.056973503
210.123095596
209.082042145
202.489791452
207.779909459
204.036685922
217.570380784
221.992410333
213.226675006
217.98158058
219.45994175
219.789554285
221.212436118
220.572791991
215.677556328
211.993075619
210.514714449
211.431755263
208.8242264
213.370268586
211.1119332
211.1119332
211.1119332
211.1119332
211.1119332
211.1119332
211.1119332
211.1119332
211.1119332
211.1119332
211.1119332
211.1119332
211.1119332
211.1119332
211.1119332
211.1119332
211.1119332
211.1119332
211.1119332
211.1119332
211.1119332
211.1119332
211.1119332
211.1119332
211.1119332
211.1119332
211.1119332
211.586555352
214.030859434
235.191097043
233.007835144
220.869373607
221.992646034
217.242469329
220.284006287
221.826528281
228.301165471
243.758026887
250.34736443
245.537859957
239.52202418
231.888517903
231.864786795
232.6597789
226.473870185
229.353244574
234.748116368
231.556282396
234.127152386
242.729678891
241.713196449
241.966328263
248.923497974
247.812091101
252.004586777
249.544461956
255.868802131
259.808165993
261.105466541
256.96834345
260.670396235
266.468696859
263.965065007
253.558974325
255.006571888
250.268260738
253.147635127
249.674983048
247.404707088
249.773862663
255.18851038
251.545785364
251.545785364
251.545785364
251.545785364
251.545785364
251.545785364
251.545785364
251.545785364
251.545785364
252.853717756
251.682303559
254.760568685
248.877074826
250.162988154
257.552585981
256.319518405
254.914702132
256.693842491
336.235508724
376.882700581
395.206965513
330.418072056
326.732080768
306.879692806
320.430224696
320.430224696
320.430224696
320.430224696
320.430224696
320.430224696
320.430224696
320.430224696
320.430224696
320.430224696
320.430224696
320.430224696
320.430224696
320.430224696
320.430224696
320.430224696
320.430224696
320.430224696
320.430224696
320.430224696
320.430224696
320.430224696
320.430224696
320.430224696
320.430224696
320.430224696
320.430224696
320.430224696
320.430224696
320.430224696
320.430224696
320.430224696
320.430224696
320.430224696
324.005319589
322.351097504
343.411566727
353.297395422
341.204291289
340.868508896
342.478289193
350.556818536
350.556818536
350.556818536
350.556818536
350.556818536
350.556818536
350.556818536
350.556818536
350.556818536
350.556818536
350.556818536
350.556818536
350.556818536
350.556818536
350.556818536
350.556818536
350.556818536
350.556818536
350.556818536
350.556818536
350.556818536
350.556818536
350.556818536
350.556818536
350.556818536
350.556818536
350.556818536
350.556818536
350.556818536
350.556818536
350.556818536
350.556818536
350.556818536
350.556818536
350.556818536
350.556818536
350.556818536
350.556818536
350.556818536
350.556818536
350.556818536
350.556818536
350.556818536
350.556818536
350.556818536
350.556818536
350.556818536
350.556818536
350.556818536
350.556818536
350.556818536
350.556818536
350.556818536
350.556818536
350.556818536
350.556818536
350.556818536
350.556818536
350.556818536
350.556818536
350.556818536
350.556818536
350.556818536
349.012281479
349.243962037
367.025444909
353.057037897
348.664760641
348.862654451
346.227288097
349.157081828
348.341373194
351.275993603
355.315923344
352.197889159
352.197889159
352.197889159
352.197889159
352.197889159
352.197889159
352.197889159
352.197889159
352.197889159
352.197889159
352.197889159
352.197889159
352.197889159
352.197889159
352.197889159
352.197889159
352.197889159
352.197889159
352.197889159
352.197889159
352.197889159
352.197889159
352.197889159
352.197889159
352.197889159
352.197889159
352.197889159
352.197889159
352.197889159
352.197889159
352.197889159
352.197889159
352.197889159
352.197889159
352.197889159
352.197889159
352.197889159
352.197889159
352.197889159
352.197889159
352.197889159
352.197889159
352.197889159
352.197889159
352.197889159
352.197889159
352.197889159
352.197889159
352.197889159
352.197889159
352.197889159
352.197889159
352.197889159
352.197889159
352.197889159
352.197889159
352.197889159
352.197889159
354.590237399
356.88876806
360.091968224
359.642984101
359.214103744
350.375147643
348.92767644
351.346829701
349.711723342
352.09066907
351.045273201
354.885092644
354.66395121
359.844021768
370.539225663
403.402182994
393.403909679
375.06927443
381.522583547
384.069060665
380.711731623
380.711731623
380.711731623
380.711731623
380.711731623
380.711731623
380.711731623
380.711731623
380.711731623
380.711731623
380.711731623
380.711731623
380.711731623
380.711731623
380.711731623
380.711731623
380.711731623
380.711731623
382.211558581
395.3367411
394.556288158
392.309940995
393.497586776
395.913597622
398.343181563
396.789062227
400.983148471
402.700144944
407.382862595
419.490063016
416.673645878
423.324462253
451.067867702
442.937584011
480.222874993
501.267958236
462.272457329
444.132016339
441.152722065
455.567348576
448.699362687
448.699362687
448.699362687
448.699362687
448.699362687
448.699362687
448.699362687
448.699362687
448.699362687
448.699362687
448.699362687
448.699362687
448.699362687
448.699362687
448.699362687
448.699362687
448.699362687
448.699362687
448.699362687
446.916137378
454.179399492
485.869641593
489.820203682
507.041782266
532.866481856
524.413241008
526.861515942
535.860599408
541.851622982
524.229202117
553.206961937
555.540212566
553.221601395
554.980427608
553.05011061
544.204392886
558.71348919
562.197679999
560.65705141
530.58621212
529.608854074
548.027382562
547.535915071
547.501059221
562.809748733
569.971231764
571.668014563
552.164074892
555.190956944
550.135464397
573.783067568
563.960688914
570.272386312
597.37908408
616.906028613
607.528410611
618.758268505
605.208405206
589.149617792
596.328528748
583.439532373
573.362706012
582.165899598
584.794030721
594.775352053
601.070318642
604.586576834
610.673802554
607.609973301
617.677737141
609.841444846
607.638555098
603.582728341
595.247300267
582.238399767
573.338306916
581.120921202
570.378348097
560.268060119
538.918851726
548.956639535
555.490020141
549.839886785
564.621555839
561.024432074
557.849064099
566.069467866
567.720240943
567.720240943
567.720240943
567.720240943
567.720240943
567.720240943
567.720240943
567.720240943
567.720240943
567.720240943
567.720240943
594.618153773
628.904337673
627.382246061
616.499512482
630.881137545
646.279950892
638.86953494
637.373279024
638.262026988
647.81680576
645.162372473
667.36926096
671.649866808
694.453190806
691.874788283
689.35765327
702.968636411
693.822799808
711.87826093
720.794528914
746.160015854
744.004580593
747.516759008
755.040113863
751.093895745
707.853059397
720.970949814
687.073777689
697.650173721
685.03644847
675.456572164
685.119122699
678.869098606
689.421135267
696.089697646
694.258315837
703.609361687
701.865083084
741.62400569
749.942361839
749.179839707
694.44359469
702.606936658
720.852843772
714.238167276
723.680745308
732.729144426
762.483008977
837.462629538
828.948660258
863.591376772
894.713056917
895.309492428
920.974673448
908.127688764
918.938820554
868.917959251
819.388714347
738.179000087
668.464694497
718.033062027
666.135052824
666.135052824
666.135052824
666.135052824
666.135052824
666.135052824
666.135052824
666.135052824
666.135052824
666.135052824
666.135052824
666.135052824
666.135052824
664.827511056
672.664603439
681.138779418
689.386008273
673.313553551
679.890570231
678.620852983
682.214182461
692.173897955
689.083412106
698.964511929
701.459446989
707.480220715
711.291597431
709.255006565
713.549943822
712.117803631
715.507919018
728.607069739
663.669784055
713.986779955
715.76008249
754.362601792
748.750481222
754.975952355
765.029858322
760.42120004
771.52603436
788.415053737
792.21085565
780.332472796
800.347577571
799.29887419
815.584926206
823.041548409
835.226235716
828.639577491
834.957755783
859.192148773
862.275959706
861.260630902
831.189395189
865.638633774
883.85670298
888.389712221
901.342014803
900.562533011
891.967466897
915.662675051
920.417439816
915.091598952
924.127209486
935.202377515
946.658015724
925.042414558
954.400917634
950.723780884
948.227362509
976.703293432
982.663251263
984.760658026
981.486241174
992.361903397
1010.19282751
1012.73077869
1022.62819497
1023.69543979
1012.34363359
1002.71840553
1021.09148111
1033.68407991
1074.60650316
1099.87254141
1109.11655764
1042.16493081
1088.17957288
1112.78108622
1085.99539221
1022.90854142
1051.42823012
975.962377819
997.240524926
1024.31398195
1004.85808676
1004.85808676
1004.85808676
1004.85808676
1004.85808676
1004.85808676
1004.85808676
1004.85808676
1044.81293602
1046.74652524
1064.28409337
1063.53817986
997.134676236
996.83443432
970.893220078
954.202427974
948.237465545
972.642285611
986.315020962
974.170860988
963.807823627
962.29097645
1009.56265865
1003.53905522
1019.51520901
1014.56121741
1004.29278753
977.562656376
937.521800309
899.64909745
906.466309065
857.580826575
867.625638781
876.363147647
875.825996095
902.91031888
927.090739389
938.345119937
931.083018608
936.087050531
945.96297666
933.193312696
944.704931759
937.365424312
918.096773887
915.473566527
892.732587076
901.686676699
922.165677345
930.249534541
932.648342344
938.516351654
935.342700783
916.317215034
937.661756827
942.988705186
925.810801849
896.667007176
875.804885335
913.32417844
893.738866621
887.147618322
885.795747822
894.970327602
910.534430643
916.232771996
925.820966289
933.59832653
937.093330076
949.117862412
954.725505686
961.60683146
958.821774943
970.172326729
978.364865243
978.561899
981.438435476
962.515376006
982.073322027
971.652425546
945.055995874
922.060123546
928.263559371
912.889453167
916.649514029
926.153265284
863.175177889
863.175177889
863.175177889
863.175177889
863.175177889
863.175177889
873.773851033
874.984126984
877.906306418
903.620689198
893.745792922
900.369665049
891.636568584
890.132482222
896.386105456
915.913748674
936.760751924
945.422983547
949.007629817
937.581669361
934.272520117
938.207509425
984.007695582
937.903347969
942.809742975
935.452539169
939.869250155
940.236314111
943.29863076
950.733865515
940.450501105
940.450501105
940.450501105
940.450501105
940.450501105
940.450501105
940.450501105
940.450501105
940.450501105
940.450501105
940.450501105
940.450501105
940.450501105
940.450501105
940.450501105
940.450501105
940.450501105
935.052698728
932.643039204
926.353992894
937.351777985
937.624927746
940.232641477
947.500405662
955.481164994
956.576239716
952.178611086
963.885265195
969.47699565
946.139608212
952.447634718
957.895775873
964.694811768
966.549094284
965.23698516
974.821158347
983.602386767
979.217961751
974.709752855
985.403854828
1007.16588609
1018.01513053
1026.63874081
1020.93973099
1023.19837418
1012.52407763
963.572504592
992.098912264
1003.00509728
1001.79284049
1001.79284049
1001.79284049
1001.79284049
1001.79284049
1017.16620139
1038.06575446
1028.47809385
1039.8939559
1036.61433885
1036.61433885
1036.61433885
1036.61433885
1036.61433885
1036.61433885
1036.61433885
1036.61433885
1036.61433885
1036.61433885
1036.61433885
1036.61433885
1036.61433885
1036.61433885
1036.61433885
1036.61433885
1036.61433885
1036.61433885
1036.61433885
1036.61433885
1036.61433885
1036.61433885
1036.61433885
1036.61433885
1036.61433885
1036.61433885
1036.61433885
1036.61433885
1049.04454904
1046.87971741
1044.5180829
1075.00495692
1097.73393187
1092.09429947
1102.59250286
1114.93661179
1129.93316662
1147.7631557
1144.91829985
1162.18511642
1139.72147392
1152.27556449
1158.63124307
1154.21459996
1163.86672671
1156.43302524
1156.43302524
1156.43302524
1156.43302524
1156.43302524
1156.43302524
1156.43302524
1156.43302524
1156.43302524
1156.43302524
1156.43302524
1156.43302524
1156.43302524
1156.43302524
1156.43302524
1156.43302524
1156.43302524
1156.43302524
1156.43302524
1156.43302524
1156.43302524
1156.43302524
1156.43302524
1156.43302524
1156.43302524
1156.43302524
1156.43302524
1156.43302524
1156.43302524
1156.43302524
1156.43302524
1156.43302524
1156.43302524
1156.43302524
1156.43302524
1156.43302524
1156.43302524
1156.43302524
1156.43302524
1156.43302524
1156.43302524
1156.43302524
1156.43302524
1156.43302524
1156.43302524
1156.43302524
1156.43302524
1156.43302524
1156.43302524
1156.43302524
1156.43302524
1156.43302524
1156.43302524
1156.43302524
1156.43302524
1156.43302524
1156.43302524
1156.43302524
1169.16741004
1172.87665762
1188.05855207
1186.48159795
1167.04908739
1166.09558025
1157.50965006
1147.97632496
1123.84002045
1146.48756151
1134.38360908
1149.33498532
1158.54698201
1154.24921446
1150.79755352
1145.55326422
1148.48887871
1149.90080275
1136.96296816
1129.41436992
1141.62397653
1130.02995832
1109.86572709
1078.00531616
1054.50904897
1039.5620386
1051.45992172
1019.89115126
934.655296393
935.43242218
983.265824139
1004.07009268
1028.27101214
1029.0839381
1029.53100372
1013.13452279
999.974028562
986.445054466
1004.346016
998.14821955
992.703973165
1001.70378832
1015.96273675
1028.92763977
1019.51655917
1039.67467818
1059.74984557
1063.53156667
1082.39214757
1074.11532135
1093.33565037
1077.23866848
1053.92314851
1067.35083431
1067.57349394
1073.88480314
1073.88480314
1073.88480314
1073.88480314
1073.88480314
1073.88480314
1073.88480314
1073.88480314
1073.88480314
1073.88480314
1073.88480314
1073.88480314
1073.88480314
1073.88480314
1073.88480314
1073.88480314
1073.88480314
1073.88480314
1073.88480314
1073.88480314
1073.88480314
1073.88480314
1073.88480314
1073.88480314
1073.88480314
1073.88480314
1073.88480314
1085.64113473
1084.70371781
1100.03855947
1105.7350349
1126.23532462
1129.25296446
1128.93698123
1126.11858637
1125.6972754
1135.55858534
1132.79548755
1128.32608032
1119.64005244
1119.43554107
1118.04082621
1122.54446496
1109.32056682
1109.32056682
1109.32056682
1109.32056682
1109.32056682
1109.32056682
1109.32056682
1109.32056682
1109.32056682
1109.32056682
1109.32056682
1109.32056682
1109.32056682
1109.32056682
1109.32056682
1109.32056682
1109.32056682
1109.32056682
1109.32056682
1109.32056682
1109.32056682
1109.32056682
1109.32056682
1109.32056682
1109.32056682
1109.32056682
1109.32056682
1109.32056682
1109.32056682
1109.32056682
1109.32056682
1109.32056682
1109.32056682
1109.32056682
1109.32056682
1109.32056682
1109.32056682
1109.32056682
1114.54624545
1107.64184642
1114.49622055
1118.20094964
1104.51432778
1094.97784909
1102.94623939
1097.63782726
1091.57519347
1077.9703431
1083.62027141
1074.44358723
1061.58333834
1040.36604411
1025.33355989
1048.68268472
1056.27107814
1059.10325743
1085.86369604
1086.07341583
1089.34716112
1098.72683098
1093.75704898
1089.71176572
1106.24788318
1114.69151008
1120.40300751
1122.60698943
1115.07054495
1108.23541117
1128.38198001
1128.1991967
1126.47333744
1124.63107408
1112.91370189
1117.01766821
1125.06879201
1113.54189926
1113.54189926
1113.54189926
1113.54189926
1113.54189926
1113.54189926
1113.54189926
1113.54189926
1113.54189926
1113.54189926
1113.54189926
1113.54189926
1113.54189926
1113.54189926
1113.54189926
1113.54189926
1113.54189926
1113.54189926
1113.54189926
1113.54189926
1113.54189926
1113.54189926
1113.54189926
1113.54189926
1113.54189926
1113.54189926
1124.7996259
1117.33634733
1068.67349799
1092.0772469
1096.65730324
1085.55809401
1060.04975238
1062.32283215
1056.65708113
1105.72270426
1144.2234913
1165.17271285
1209.97032963
1199.23401559
1232.29436565
1279.12579064
1273.27360721
1275.44300263
1307.61306313
1284.02188483
1264.47439579
1281.67702359
1322.49176595
1329.59613719
1344.51272468
1360.20395382
1366.2306061
1423.37363812
1383.38039476
1455.73611282
1496.4511587
1494.36550832
1541.71435804
1559.69561536
1601.62396741
1649.08946202
1589.02133525
1688.02093785
1733.92618253
1684.30026518
1556.04971505
1608.63562092
1577.01787893
1512.64784901
1563.89084328
1573.19750978
1579.93998279
1579.93998279
1579.93998279
1579.93998279
1579.93998279
1579.93998279
1579.93998279
1579.93998279
1579.93998279
1579.93998279
1579.93998279
1579.93998279
1579.93998279
1579.93998279
1579.93998279
1579.93998279
1579.93998279
1579.93998279
1579.93998279
1579.93998279
1579.93998279
1579.93998279
1579.93998279
1579.93998279
1579.93998279
1579.93998279
1579.93998279
1596.48508179
1602.07944592
1658.60439881
1649.68319069
1665.95282497
1669.46702547
1669.46702547
1669.46702547
1669.46702547
1669.46702547
1669.46702547
1669.46702547
1669.46702547
1669.46702547
1669.46702547
1669.46702547
1669.46702547
1669.46702547
1669.46702547
1669.46702547
1669.46702547
1669.46702547
1669.46702547
1669.46702547
1669.46702547
1669.46702547
1669.46702547
1669.46702547
1669.46702547
1669.46702547
1669.46702547
1669.46702547
1669.46702547
1669.46702547
1669.46702547
1669.46702547
1669.46702547
1669.46702547
1669.46702547
1669.46702547
1669.46702547
1669.46702547
1669.46702547
1669.46702547
1669.46702547
1669.46702547
1669.46702547
1669.46702547
1669.46702547
1669.46702547
1669.46702547
1669.46702547
1669.46702547
1669.92746498
1676.92865279
1668.55754348
1652.74076268
1645.62104589
1652.94021049
1654.3181099
1631.27675975
1667.14431332
1689.553129
1673.62009862
1669.19349705
1671.29738647
1657.7850826
1646.00398568
1646.31398455
1636.00538228
1635.44122992
1649.28062819
1636.42593223
1638.01695586
1626.34868941
1627.79155182
1623.90174977
1614.64509221
1628.5642696
1615.07931857
1620.95562076
1653.77219276
1635.32042154
1617.86474963
1590.4503639
1581.34756607
1560.7770893
1544.71413293
1533.30001997
1537.25364532
1546.49092795
1557.49360858
1602.84348065
1606.61703313
1668.45724973
1728.47622294
1760.96684024
1686.50898564
1638.91390113
1623.43903086
1605.66652187
1633.56869996
1625.92472036
1641.99565465
1671.78631852
1669.75992882
1683.73153249
1682.77646243
1688.03162717
1717.26497689
1749.43875711
1907.79575556
1904.06551175
1929.63927917
1869.85052571
1901.12622095
1911.43482322
1860.32831764
1817.7445017
1862.62481665
1859.51001179
1943.02621585
1954.1075359
1954.1075359
1954.1075359
1954.1075359
1954.1075359
1954.1075359
1954.1075359
1954.1075359
1954.1075359
1954.1075359
1954.1075359
1954.1075359
1954.1075359
1954.1075359
1954.1075359
1954.1075359
1954.1075359
1954.1075359
1954.1075359
1954.1075359
1954.1075359
1954.1075359
1954.1075359
1954.1075359
1954.1075359
1954.1075359
1954.1075359
1954.1075359
1954.1075359
1954.1075359
1954.1075359
1954.1075359
1954.1075359
1954.1075359
1954.1075359
1954.1075359
1954.1075359
1954.1075359
1954.1075359
1954.1075359
1954.1075359
1954.1075359
1954.1075359
1954.1075359
1954.1075359
1954.1075359
1954.1075359
1954.1075359
1954.1075359
1954.1075359
1954.1075359
1954.1075359
1954.1075359
1954.1075359
1954.1075359
1954.1075359
1954.1075359
1954.1075359
1954.1075359
1954.1075359
1954.1075359
1954.1075359
1954.1075359
1954.1075359
1954.1075359
1981.32583419
1991.08766679
1980.97804254
1955.85163902
1967.96260873
1994.83620228
1988.26726169
1998.55181074
1982.76639134
1970.68731967
1950.25507451
1968.55323716
1969.34554359
1995.81681011
2005.08988224
1999.18256898
2003.89833569
1993.38226853
1983.96205377
1950.55244666
1963.20259633
1964.49498189
1957.66776999
1988.78380433
2004.45397916
2017.33667592
2030.54144009
2036.53724473
2044.75973912
2039.91020639
2051.75055715
2056.31918124
2049.25427741
2054.16863522
2046.86603946
2054.41661684
2070.61465297
2070.64655102
2071.10238446
2082.15968952
2086.90529634
2089.51064684
2095.29139687
2085.06344114
2098.49972343
2109.30081511
2120.89112631
2125.79210751
2122.42017482
2136.44914348
2136.98729447
2143.8237671
2152.17796957
2150.73432552
2169.77746201
2134.80587937
2117.53565713
2131.16126979
2147.15351204
2161.43766511
2166.47035439
2136.28759529
2136.28759529
2136.28759529
2136.28759529
2136.28759529
2136.28759529
2136.28759529
2136.28759529
2136.28759529
2136.28759529
2136.28759529
2136.28759529
2136.28759529
2136.28759529
2136.28759529
2136.28759529
2136.28759529
2136.28759529
2136.28759529
2136.28759529
2136.28759529
2136.28759529
2136.28759529
2136.28759529
2136.28759529
2136.28759529
2136.28759529
2136.28759529
2136.28759529
2136.28759529
2151.22882087
2140.68437676
2178.76184682
2191.60872764
2188.70662811
2212.10019059
2201.38121775
2201.08138634
2207.98757769
2194.23672755
2212.22213695
2219.93832061
2216.997064
2227.67240466
2234.27764583
2251.98895561
2273.88783615
2290.64259424
2316.74358958
2332.77561972
2329.18099915
2344.93221704
2341.85670756
2350.97919003
2347.16752732
2364.30826241
2371.17305912
2297.2567856
2293.1184409
2326.37399541
2313.05946709
2313.05946709
2313.05946709
2313.05946709
2313.05946709
2313.05946709
2313.05946709
2313.05946709
2313.05946709
2313.05946709
2313.05946709
2313.05946709
2313.05946709
2313.05946709
2313.05946709
2313.05946709
2313.05946709
2313.05946709
2313.05946709
2313.05946709
2313.05946709
2313.05946709
2335.32953368
2369.1091239
2392.11916084
2384.80505512
2393.69708848
2367.52669111
2366.48037078
2394.05186879
2386.7602888
2386.7602888
2386.7602888
2386.7602888
2386.7602888
2386.7602888
2386.7602888
2386.7602888
2386.7602888
2386.7602888
2386.7602888
2386.7602888
2386.7602888
2386.7602888
2386.7602888
2386.7602888
2386.7602888
2386.7602888
2386.7602888
2386.7602888
2386.7602888
2386.7602888
2386.7602888
2386.7602888
2386.7602888
2386.7602888
2386.7602888
2386.7602888
2386.7602888
2386.7602888
2386.7602888
2386.7602888
2386.7602888
2386.7602888
2410.54431264
2415.30302806
2412.47884689
2432.04033178
2442.9979159
2467.59396646
2492.84083256
2452.24785558
2495.64590722
2516.39677243
2515.93821616
2509.70949355
2522.98493629
2537.6838141
2535.2572872
2496.64661074
2522.77595882
2518.00649599
2528.46850497
2541.73797693
2545.22252689
2549.28385465
2561.94430657
2589.00270875
2599.2963416
2594.38238578
2594.74779781
2570.22578497
2567.94613937
2586.75172291
2530.63351151
2530.63351151
2530.63351151
2530.63351151
2530.63351151
2530.63351151
2530.63351151
2530.63351151
2530.63351151
2530.63351151
2530.63351151
2530.63351151
2530.63351151
2530.63351151
2530.63351151
2530.63351151
2530.63351151
2530.63351151
2530.63351151
2530.63351151
2530.63351151
2530.63351151
2530.63351151
2530.63351151
2530.63351151
2530.63351151
2530.63351151
2530.63351151
2530.63351151
2540.15899777
2562.40036827
2516.66409338
2526.45925512
2476.95437974
2480.16191812
2471.78483801
2501.51998717
2520.85663286
2548.42980745
2552.30810644
2548.00815385
2548.00815385
2548.00815385
2548.00815385
2548.00815385
2548.00815385
2548.00815385
2548.00815385
2548.00815385
2571.64850411
2546.93359247
2543.1180188
2538.24315075
2520.50525456
2514.33386655
2520.86344169
2525.23684777
2559.71558811
2547.25067616
2509.01273257
2480.60438321
2459.1718749
2425.96029491
2298.03464397
2255.19311503
2333.41883439
2298.29300845
2300.25422976
2210.34338944
2235.944961
2225.65735701
2260.20773479
2295.96303056
2296.03819114
2277.7671246
2286.94728446
2254.40040582
2259.51837137
2271.83296217
2276.97911293
2235.37655914
2234.84104002
2215.82776279
2145.8931946
2164.84188071
2169.71674876
2160.43324311
2153.9823517
2134.07889139
2187.12581742
2194.06642696
2186.18748459
2124.27748238
2180.27798422
2188.79344273
2175.66852696
2160.75972186
2135.47875714
2095.81511135
2112.27292897
2140.5438754
2135.52220934
2122.13423155
2107.97350908
2106.70869749
2076.09250618
2072.70793144
2072.63159648
2027.61275958
2048.87733097
1980.73017525
1924.02386862
1986.2662215
1981.51466377
1944.6648421
1929.59044886
1897.31015539
1846.66367028
1785.84936836
1961.88131178
2017.66220381
1968.85362969
1970.47310525
1997.01300964
1976.21701747
1983.73424956
2005.55900213
1986.2955811
1972.46251177
1962.72217074
1872.02684189
1885.90923535
1914.66755116
1903.90549603
1897.72353856
1899.09874225
1904.08047924
1933.93214657
1961.09682326
1996.13809355
2003.10453954
2015.02336292
2011.20778925
2003.3640784
2022.98098902
2037.55626905
2034.38073467
2052.81504058
2069.92464132
2078.28508114
2049.56669439
2056.56015121
2049.77808351
2053.62419117
2030.3666901
2014.27058277
1982.37548726
1967.69686143
1956.45096009
1981.52640761
1964.38979604
1964.38979604
1964.38979604
1964.38979604
1964.38979604
1964.38979604
1964.38979604
1964.38979604
1964.38979604
1964.38979604
1964.38979604
1964.38979604
1964.38979604
1964.38979604
1964.38979604
1964.38979604
1964.38979604
1964.38979604
1964.38979604
1964.38979604
1964.38979604
1964.38979604
1964.38979604
1964.38979604
1964.38979604
1964.38979604
1964.38979604
1964.38979604
1964.38979604
1964.38979604
1964.38979604
1964.38979604
1964.38979604
1964.38979604
1953.00966782
1983.69155127
1985.17709939
1994.10723987
1976.45436528
1947.72728686
1979.18046274
2022.31450607
2034.14833572
2090.91675525
2126.24713394
2157.14809037
2130.70118572
2104.43835423
2158.51826869
2101.25466646
2105.02427722
2158.78530439
2181.02056345
2184.270362
2164.40731329
2171.66005476
2138.20929628
2144.362784
2139.75058486
2079.12570316
2085.08993257
2051.87509884
2066.94446784
2128.11768013
2118.97105926
2126.75787213
2161.59177183
2174.73096531
2138.26892561
2138.26892561
2138.26892561
2138.26892561
2138.26892561
2138.26892561
2138.26892561
2138.26892561
2138.26892561
2138.26892561
2138.26892561
2138.26892561
2138.26892561
2138.26892561
2138.26892561
2138.26892561
2138.26892561
2138.26892561
2138.26892561
2138.26892561
2138.26892561
2138.26892561
2138.26892561
2138.26892561
2138.26892561
2138.26892561
2138.26892561
2145.97210667
2150.76899979
2104.23803258
2102.46610774
2091.71725835
2047.02583617
2056.91494321
2017.56551563
2099.34867921
2110.72543032
2093.783124
2112.73471581
2104.28771272
2086.16688318
2062.06511729
2064.81960482
2103.2195898
2080.58752792
2092.29409993
2156.56225562
2356.09838112
2355.10201839
2363.82226223
2378.49860236
2391.2084371
2391.2084371
2391.2084371
2391.2084371
2391.2084371
2391.2084371
2391.2084371
2391.2084371
2391.2084371
2391.2084371
2391.2084371
2391.2084371
2391.2084371
2391.2084371
2391.2084371
2391.2084371
2391.2084371
2391.2084371
2391.2084371
2391.2084371
2391.2084371
2391.2084371
2391.2084371
2391.2084371
2391.2084371
2391.2084371
2391.2084371
2391.2084371
2387.55281823
2375.72573179
2357.46767605
2339.60466761
2342.56179705
2357.00392487
2339.31840145
2357.10411803
2353.53867299
2392.25617125
2395.40223636
2413.38261392
2409.22602927
2391.30290494
2404.19347016
2400.01255288
2400.01255288
2400.01255288
2400.01255288
2400.01255288
2400.01255288
2400.01255288
2400.01255288
2400.01255288
2400.01255288
2400.01255288
2400.01255288
2400.01255288
2400.01255288
2400.01255288
2400.01255288
2400.01255288
2400.01255288
2400.01255288
2400.01255288
2400.01255288
2400.01255288
2400.01255288
2400.01255288
2400.01255288
2400.01255288
2400.01255288
2400.01255288
2400.01255288
2400.01255288
2400.01255288
2400.01255288
2400.01255288
2400.01255288
2400.01255288
2400.01255288
2400.01255288
2400.01255288
2400.01255288
2400.01255288
2400.01255288
2400.01255288
2433.50368624
2475.43829621
2466.41815319
2469.08066811
2418.16563043
2389.91374182
2360.54029263
2367.77006911
2320.63751832
2325.23814076
2305.53775442
2322.82821527
2265.11232654
2209.17091821
2216.90428493
2221.57639494
2178.25333746
2190.30296494
2251.89824593
2278.35976801
2278.35976801
2278.35976801
2287.43379305
2271.95086385
2272.99394817
2265.46110044
2237.92529143
2230.41346711
2238.03849438
2259.04249317
2277.82933133
2290.08921082
2283.01079207
2286.0478655
2309.23668123
2312.89637088
2313.91196306
2298.85273634
2238.42985315
2236.51995767
2209.66013199
2195.577685
2135.70302754
2134.47073257
2158.42285961
2154.18906928
2218.88617242
2259.82844508
2239.57320295
2241.92620713
2372.16943553
2360.96072629
2402.51914644
2391.29103098
2397.76947409
2352.82790292
2361.94720914
2345.91443704
2391.92981905
2419.56265916
2426.81088234
2425.4783219
2393.70710537
2414.07555046
2443.03448226
2432.79284965
2443.48567688
2420.15454887
2420.0656037
2443.24795068
2441.11811804
2441.11811804
2441.11811804
2441.11811804
2441.11811804
2441.11811804
2441.11811804
2462.9971388
2461.09356227
2449.58976013
2419.17774366
2410.70125787
2371.67067357
2372.68623729
2381.50178252
2364.77646512
2364.77646512
2364.77646512
2364.77646512
2364.77646512
2364.77646512
2364.77646512
2364.77646512
2364.77646512
2364.77646512
2364.77646512
2364.77646512
2364.77646512
2364.77646512
2364.77646512
2364.77646512
2364.77646512
2355.45496181
2363.87944921
2399.82693437
2411.49591433
2451.41856359
2512.37833472
2536.31637808
2497.09330795
2508.54153183
2492.17604395
2443.41848753
2438.72042499
2397.16231518
2337.51153433
2311.94891277
2390.52564112
2346.4086263
2365.26772514
2365.26772514
2365.26772514
2365.26772514
2415.52790152
2414.23416131
2415.77950525
2384.83069234
2381.6670083
2401.28278123
2424.33403236
2437.62399031
2435.80529909
2410.13239913
2435.51797383
2448.10592629
2448.52060653
2426.32511873
2444.76674088
2417.02509907
2390.11126462
2376.59144647
2389.86587332
2431.92097224
2426.12166138
2433.35915163
2433.35915163
2433.35915163
2433.35915163
2433.35915163
2433.35915163
2433.35915163
2433.35915163
2433.35915163
2433.35915163
2433.35915163
2433.35915163
2433.35915163
2433.35915163
2433.35915163
2433.35915163
2433.35915163
2450.43255279
2436.32491567
2482.69617597
2477.71596128
2465.65842881
2472.18148905
2478.74830647
2494.73912272
2442.56112332
2424.28521019
2428.49886401
2434.43525399
2420.34058196
2394.73453182
2382.97195511
2394.15920601
2397.97742462
2397.97742462
2397.97742462
2426.22122343
2426.13517369
2413.04911836
2414.86428088
2388.72788899
2393.82755398
2401.73438889
2379.88749554
2363.76859266
2354.52068061
2346.21769216
2353.7235028
2340.65693044
2339.72499548
2336.14175428
2309.01660214
2313.94579121
2314.18932822
2298.49093258
2308.70325118
2353.89235513
2348.52804659
2350.70039672
2350.01037519
2324.2084408
2314.78193495
2305.60383684
2310.64180578
2311.91306897
2287.88733117
2269.01808366
2282.92242334
2256.48729272
2257.5637263
2259.00059466
2242.88331536
2257.0587929
2263.64241007
2234.51863087
2225.67336667
2200.49488703
2219.69534487
2227.04042109
2222.96361155
2279.51939952
2272.45682624
2253.80838561
2245.57034037
2217.00669629
2225.24961228
2207.25385084
2215.05190589
2269.78116629
2251.3421675
2243.51164084
2223.43282618
2223.20877213
2210.48315159
2183.11933318
2189.07787201
2214.65250519
2256.03756104
2248.83698346
2202.85719602
2167.81222033
2175.754774
2181.46815225
2139.54082066
2142.48924206
2161.06786874
2156.28155471
2137.54381718
2173.76264126
2234.86770058
2210.60004935
2279.51939952
2286.67451687
2292.34730561
2255.31993866
2268.50665594
2326.10802948
2330.34719703
2346.11540662
2358.75173026
2356.00625637
2332.53740653
2343.42026371
2385.72426587
2386.70003749
2387.94857056
2387.24231323
2380.71552137
2360.67729622
2366.04485191
2348.15949392
2423.94496418
2436.40918833
2457.81609149
2455.82233517
2459.35849255
2429.56904552
2454.35137163
2430.57079442
2463.28430915
2546.34666526
2556.36415426
2576.95277306
2614.1684753
2567.63667065
2627.7935592
2618.31996953
2585.42623742
2575.79840763
2598.41812509
2644.54728189
2582.67589279
2636.49919551
2677.74137632
2735.9905583
2749.41594185
2726.30427963
2765.81572409
2745.48850168
2723.97606582
2701.36446626
2692.77085698
2754.93449049
2766.2135012
2787.84283483
2787.71132484
2795.40222361
2730.29991017
2731.34387215
2674.65495061
2686.85940196
2719.60538829
2743.46065018
2739.43092446
2739.43092446
2739.43092446
2739.43092446
2739.43092446
2739.43092446
2739.43092446
2739.43092446
2739.43092446
2739.43092446
2739.43092446
2739.43092446
2739.43092446
2739.43092446
2739.43092446
2739.43092446
2739.43092446
2739.43092446
2739.43092446
2739.43092446
2739.43092446
2739.43092446
2739.43092446
2739.43092446
2739.43092446
2739.43092446
2739.43092446
2739.43092446
2739.43092446
2739.43092446
2739.43092446
2739.43092446
2739.43092446
2739.43092446
2739.43092446
2739.43092446
2739.43092446
2739.43092446
2739.43092446
2739.43092446
2739.43092446
2739.43092446
2739.43092446
2739.43092446
2739.43092446
2739.43092446
2739.43092446
2739.43092446
2739.43092446
2739.43092446
2739.43092446
2739.43092446
2739.43092446
2739.43092446
2739.43092446
2739.43092446
2739.43092446
2739.43092446
2739.43092446
2739.43092446
2739.43092446
2739.43092446
2739.43092446
2739.43092446
2739.43092446
2739.43092446
2739.43092446
2739.43092446
2739.43092446
2739.43092446
2739.43092446
2739.43092446
2739.43092446
2739.43092446
2739.43092446
2739.43092446
2739.43092446
2739.43092446
2739.43092446
2739.43092446
2739.43092446
2739.43092446
2739.43092446
2739.43092446
2739.43092446
2739.43092446
2739.43092446
2739.43092446
2739.43092446
2739.43092446
2739.43092446
2739.43092446
2774.1461965
2841.64085045
2844.386614
2825.65999921
2825.84734342
2746.61830694
2746.53634385
2708.0410121
2701.12879142
2710.26572457
2746.4094962
2705.17620692
2679.83595128
2666.2554477
2740.89455108
2710.71261857
2713.48765465
2724.00039682
2733.60373899
2702.76024724
2670.0374589
2670.53314045
2643.33115174
2654.43324757
2650.56146727
2615.89107977
2618.40461456
2586.54634169
2624.04055282
2614.59137933
2604.12742471
2577.18108279
2574.82561967
2619.03690127
2578.83595663
2591.45241814
2589.86974988
2578.84181113
2584.36261076
2555.16618684
2506.32789361
2511.74136062
2459.50940512
2537.64950339
2644.72647579
2675.90172291
2760.79401868
2855.47895232
2826.87188205
2771.42189948
2858.5193927
2801.50430538
2785.57029019
2801.55504444
2771.15064068
2725.66307667
2776.84902701
2757.77309332
2757.77309332
2757.77309332
2757.77309332
2757.77309332
2757.77309332
2757.77309332
2757.77309332
2757.77309332
2757.77309332
2757.77309332
2757.77309332
2757.77309332
2757.77309332
2757.77309332
2757.77309332
2757.77309332
2811.21320002
2764.65519421
2765.40103766
2763.49617045
2770.27656541
2869.77250491
2854.27082692
2865.17666845
2902.95406278
2903.68083636
2903.68083636
2903.68083636
2903.68083636
2903.68083636
2903.68083636
2903.68083636
2903.68083636
2903.68083636
2903.68083636
2903.68083636
2903.68083636
2903.68083636
2903.68083636
2903.68083636
2903.68083636
2903.68083636
2903.68083636
2903.68083636
2903.68083636
2903.68083636
2903.68083636
2903.68083636
2903.68083636
2903.68083636
2903.68083636
2903.68083636
2903.68083636
2903.68083636
2903.68083636
2903.68083636
2903.68083636
2903.68083636
2903.68083636
2903.68083636
2903.68083636
2903.68083636
2903.68083636
2903.68083636
2903.68083636
2903.68083636
2903.68083636
2903.68083636
2903.68083636
2903.68083636
2903.68083636
2903.68083636
2903.68083636
2903.68083636
2903.68083636
2903.68083636
2903.68083636
2903.68083636
2903.68083636
2903.68083636
2903.68083636
2903.68083636
2903.68083636
2903.68083636
2903.68083636
2903.68083636
2962.51930007
3019.71099716
3020.16766354
3021.26089515
3027.01765911
3012.15985726
3006.18398569
2969.36929565
2969.36929565
2969.36929565
2969.36929565
2969.36929565
2969.36929565
2969.36929565
2969.36929565
2969.36929565
2969.36929565
2969.36929565
2969.36929565
2969.36929565
2969.36929565
2969.36929565
2969.36929565
2969.36929565
2969.36929565
2969.36929565
2969.36929565
2969.36929565
2969.36929565
2969.36929565
2969.36929565
2969.36929565
2969.36929565
2995.32415869
3051.6236516
3033.17245459
2980.71767394
3050.8463989
3016.94302709
2974.48743137
2927.49297316
2932.78953482
2894.39374016
2865.9506908
2857.7162117
2830.3021667
2848.3011884
2807.78139186
2857.54756252
2833.17409099
2763.97660276
2775.5278489
2747.93293377
2698.36963095
2707.25182063
2677.53290363
2687.73006801
2695.85700271
2697.10354007
2686.82327319
2617.3471472
2624.68705244
2620.50748602
2588.07307294
2571.1568278
2591.23830014
2592.64615409
2539.97139626
2483.45192617
2477.52231908
2528.21728228
2519.8165982
2726.69535915
2764.50699218
2708.86254243
2703.98638161
2672.63474509
2622.21597545
2654.41574621
2653.43806985
2726.7882384
2726.7882384
2726.7882384
2726.7882384
2726.7882384
2726.7882384
2726.7882384
2726.7882384
2726.7882384
2726.7882384
2726.7882384
2726.7882384
2726.7882384
2726.7882384
2726.7882384
2726.7882384
2726.7882384
2726.7882384
2726.7882384
2726.7882384
2726.7882384
2726.7882384
2744.79110804
2743.6620644
2812.7192121
2810.2433807
2883.91885452
2929.89243621
2920.8573989
2911.40837892
2927.30907683
2967.87400185
2977.7154989
2963.9788013
3034.2859616
3061.54161268
3098.24090733
3131.84070838
3181.69604963
3139.5880983
3190.90850808
3164.75770685
3206.57533267
3086.1466994
3091.92363935
3114.53945872
3091.31341815
3137.49667937
3151.84628638
3150.19304391
3150.19304391
3150.19304391
3150.19304391
3150.19304391
3150.19304391
3150.19304391
3150.19304391
3150.19304391
3150.19304391
3150.19304391
3150.19304391
3150.19304391
3150.19304391
3150.19304391
3150.19304391
3150.19304391
3150.19304391
3150.19304391
3150.19304391
3150.19304391
3150.19304391
3150.19304391
3150.19304391
3150.19304391
3150.19304391
3150.19304391
3150.19304391
3162.8815604
3137.7114202
3102.1585291
3079.91211057
3106.66116937
3088.71322059
3092.36378927
3106.97967536
3106.57950116
3054.16757067
2986.77224717
2988.46277897
2942.41552378
2974.94669136
2967.14193341
3007.54591577
2981.63259492
2994.62328376
2996.27025919
3022.12369003
3016.6954768
2962.65290451
2967.8088904
2963.61114476
2960.49414168
2983.31223763
2981.73331904
3040.77670763
3048.77202471
2990.83932369
3010.14296463
3030.90846642
3035.10621206
3023.96394688
3023.96394688
3023.96394688
3023.96394688
3023.96394688
3023.96394688
3023.96394688
3023.96394688
3023.96394688
3023.96394688
3023.96394688
3023.96394688
3023.96394688
3023.96394688
3023.96394688
3023.96394688
3023.96394688
3023.96394688
3023.96394688
3049.62362767
3081.46049103
3074.70794345
3082.0225374
3116.19282549
3092.73871053
3145.7628573
3189.19758739
3221.56985985
3238.20749779
3251.39294571
3225.91439835
3267.60438735
3253.63314
3204.11445777
3218.94875263
3285.30751603
3333.85660168
3343.7976303
3345.03892701
3335.15117293
3351.09091443
3429.88395478
3415.15354528
3436.35414731
3381.47871038
3416.64523232
3408.61143212
3426.4237736
3460.62336268
3384.61924434
3376.02872524
3376.38566464
3431.99629018
3420.82728348
3420.82728348
3420.82728348
3420.82728348
3420.82728348
3420.82728348
3420.82728348
3420.82728348
3420.82728348
3420.82728348
3420.82728348
3420.82728348
3420.82728348
3420.82728348
3420.82728348
3420.82728348
3420.82728348
3420.82728348
3420.82728348
3426.07633739
3442.83242197
3458.10167287
3437.51699156
3437.51699156
3437.51699156
3437.51699156
3437.51699156
3437.51699156
3437.51699156
3437.51699156
3437.51699156
3437.51699156
3437.51699156
3437.51699156
3437.51699156
3437.51699156
3437.51699156
3437.51699156
3437.51699156
3437.51699156
3437.51699156
3437.51699156
3437.51699156
3437.51699156
3437.51699156
3437.51699156
3437.51699156
3437.51699156
3437.51699156
3437.51699156
3437.51699156
3437.51699156
3437.51699156
3437.51699156
3437.51699156
3437.51699156
3437.51699156
3437.51699156
3437.51699156
3437.51699156
3437.51699156
3437.51699156
3437.51699156
3437.51699156
3437.51699156
3437.51699156
3437.51699156
3437.51699156
3437.51699156
3437.51699156
3437.51699156
3437.51699156
3437.51699156
3437.51699156
3437.51699156
3437.51699156
3437.51699156
3437.51699156
3437.51699156
3437.51699156
3437.51699156
3437.51699156
3437.51699156
3437.51699156
3437.51699156
3437.51699156
3437.51699156
3437.51699156
3437.51699156
3437.51699156
3437.51699156
3437.51699156
3437.51699156
3437.51699156
3437.51699156
3437.51699156
3437.51699156
3437.51699156
3474.01204977
3476.82984232
3396.13156664
3416.69629145
3437.76470958
3439.03632878
3479.32560143
3481.78833147
3458.07758773
3430.95865681
3329.19196301
3304.17450668
3304.70710044
3305.09106338
3241.2871571
3194.39826337
3262.81178926
3258.660448
3315.42709802
3315.14015798
3242.50097542
3293.94168788
3336.7824562
3309.78531998
3298.81554005
3305.28098053
3330.47596811
3328.49628822
3350.42139786
3350.45649125
3407.02703116
3408.23672086
3416.84698659
3423.95442962
3378.64886695
3421.64652334
3435.18431348
3451.78761418
3429.22256631
3443.24753523
3457.66059572
3500.79656135
3487.43423815
3488.05972617
3552.78225347
3577.43432571
3582.08729597
3576.33198049
3593.77132954
3561.69184514
3555.50921607
3535.4254771
3561.02713511
3585.64204964
3617.55845301
3685.60040185
3684.52076412
3695.34191323
3670.72906301
3684.09551484
3684.09551484
3684.09551484
3684.09551484
3684.09551484
3684.09551484
3684.09551484
3684.09551484
3684.09551484
3684.09551484
3684.09551484
3684.09551484
3684.09551484
3684.09551484
3684.09551484
3684.09551484
3684.09551484
3684.09551484
3684.09551484
3684.09551484
3684.09551484
3684.09551484
3684.09551484
3684.09551484
3684.09551484
3684.09551484
3684.09551484
3684.09551484
3684.09551484
3684.09551484
3684.09551484
3684.09551484
3684.09551484
3684.09551484
3684.09551484
3684.09551484
3684.09551484
3684.09551484
3684.09551484
3684.09551484
3684.09551484
3684.09551484
3684.09551484
3684.09551484
3684.09551484
3684.09551484
3684.09551484
3684.09551484
3684.09551484
3684.09551484
3684.09551484
3684.09551484
3684.09551484
3684.09551484
3684.09551484
3684.09551484
3684.09551484
3684.09551484
3684.09551484
3684.09551484
3684.09551484
3684.09551484
3684.09551484
3684.09551484
3684.09551484
3684.09551484
3684.09551484
3684.09551484
3684.09551484
3684.09551484
3684.09551484
3684.09551484
3684.09551484
3684.09551484
3684.09551484
3684.09551484
3684.09551484
3684.09551484
3684.09551484
3684.09551484
3684.09551484
3684.09551484
3684.09551484
3684.09551484
3684.09551484
3684.09551484
3684.09551484
3684.09551484
3684.09551484
3684.09551484
3684.09551484
3576.83235835
3620.73860564
3561.63600925
3631.79828448
3703.94258102
3744.12134955
3756.77431777
3778.51773077
3791.15151815
3791.15151815
3791.15151815
3791.15151815
3791.15151815
3791.15151815
3791.15151815
3791.15151815
3791.15151815
3791.15151815
3791.15151815
3791.15151815
3791.15151815
3791.15151815
3791.15151815
3791.15151815
3791.15151815
3791.15151815
3791.15151815
3791.15151815
3791.15151815
3791.15151815
3791.15151815
3791.15151815
3791.15151815
3791.15151815
3791.15151815
3791.15151815
3791.15151815
3791.15151815
3791.15151815
3791.15151815
3791.15151815
3791.15151815
3791.15151815
3791.15151815
3791.15151815
3791.15151815
3791.15151815
3791.15151815
3791.15151815
3791.15151815
3791.15151815
3791.15151815
3791.15151815
3791.15151815
3791.15151815
3791.15151815
3791.15151815
3791.15151815
3791.15151815
3791.15151815
3791.15151815
3791.15151815
3791.15151815
3791.15151815
3791.15151815
3791.15151815
3791.15151815
3791.15151815
3791.15151815
3791.15151815
3791.15151815
3791.15151815
3901.66896831
3916.50749016
3835.59920223
3881.00640002
3753.15257347
3615.22110096
3644.84127099
3741.36871765
3590.56636853
3504.79629982
3519.09819115
3577.28361653
3500.6335147
3316.90131534
3468.69528428
3562.14054539
3534.44215473
3546.09391688
3592.20561423
3590.7415761
3505.90900549
3574.04273512
3605.1113489
3589.407797
3723.25537366
3864.98820835
3862.20690282
3966.4480692
3987.08036603
3986.07039987
4073.59346161
4101.35422983
3944.98009647
4043.28622104
4183.67610346
4245.4427349
4266.64835493
4277.59836948
4361.0127678
4356.67752706
4421.52726137
4469.88913763
4467.22708333
4371.42706915
4271.55508424
4499.3074979
4545.49624989
4568.30809221
4616.3929387
4685.35133642
4724.29144847
4765.17719014
4686.96489724
4740.58850455
4787.31755632
4881.09488624
4856.31815063
4871.61074446
4947.69669626
4840.84392801
4912.49648613
4691.13043432
4744.93933968
4837.55626343
4872.95553137
4973.13573483
4976.63621699
4949.16899025
5017.78431136
5003.66588346
5031.49636778
4977.25265409
4897.11582986
4962.13801979
5093.22080263
5222.06166241
5243.28562879
5294.26277618
5424.30715603
5415.16517354
5531.50116625
5588.34822594
5537.18394585
5343.63094933
5336.99415991
5198.74070909
5296.02677701
5359.98396176
5359.98396176
5359.98396176
5359.98396176
5359.98396176
5359.98396176
5359.98396176
5359.98396176
5359.98396176
5359.98396176
5359.98396176
5359.98396176
5359.98396176
5359.98396176
5359.98396176
5359.98396176
5359.98396176
5359.98396176
5359.98396176
5359.98396176
5359.98396176
5359.98396176
5359.98396176
5359.98396176
5359.98396176
5359.98396176
5359.98396176
5359.98396176
5359.98396176
5412.03357544
5551.59255169
5543.24642619
5605.65025573
5682.89457751
5697.37947042
5609.81946523
5458.44204059
5513.3430545
5368.95651456
5324.27320159
5440.54207298
5552.56246814
5616.68484429
5762.53891955
5726.11916257
5761.5359753
5844.69777823
5792.59532006
5804.98184663
5856.77714625
5902.70010271
5937.67544383
5930.17593098
5984.42519626
6007.25181097
6038.2274853
6052.7861403
5993.21499523
5824.56953492
5671.56273873
5703.36630995
5410.43282799
5019.95173359
5177.71012952
5193.87944032
5242.26957358
5242.26957358
5242.26957358
5242.26957358
5242.26957358
5242.26957358
5242.26957358
5242.26957358
5242.26957358
5242.26957358
5242.26957358
5325.06175494
5437.13614508
5323.75035029
5277.29864896
5094.41073898
4887.20647252
4940.41569631
5052.16835516
5011.91231226
5069.06624125
5173.65455078
5053.79915971
5003.91682381
5083.57095955
5013.08033667
4833.31182123
4856.13492495
4744.50582955
4629.26658286
4619.26027393
4453.00330633
4276.80764001
4384.87670891
4434.3592121
4425.64215967
4227.02205663
4231.0215494
4204.48804478
3976.75359277
4173.3512184
4048.11731972
3880.78092038
3902.60269379
4017.26259106
4196.04959297
4211.11151254
3979.56757573
4046.98659748
4071.64100495
3842.90755402
3903.15173521
3836.9939933
3756.72670303
3607.43290032
3633.438346
3669.36034224
3821.52641256
4176.7107457
4147.24319174
4050.459197
4107.20863051
4305.02790244
4384.18195587
4352.11840354
4172.18669107
4262.75171352
4212.22474938
4227.94761689
4150.15043014
4263.44296948
4240.00321415
4240.00321415
4240.00321415
4240.00321415
4240.00321415
4240.00321415
4240.00321415
4240.00321415
4240.00321415
4240.00321415
4240.00321415
4240.00321415
4240.00321415
4240.00321415
4240.00321415
4240.00321415
4240.00321415
4240.00321415
4240.00321415
4240.00321415
4240.00321415
4240.00321415
4240.00321415
4240.00321415
4240.00321415
4240.00321415
4240.00321415
4240.00321415
4240.00321415
4240.00321415
4240.00321415
4240.00321415
4240.00321415
4240.00321415
4240.00321415
4240.00321415
4240.00321415
4240.00321415
4240.00321415
4240.00321415
4240.00321415
4240.00321415
4240.00321415
4240.00321415
4206.95745552
4353.60829268
4483.74643581
4459.77027986
4446.81460001
4560.33036144
4489.5175738
4548.92284459
4466.34213778
4444.96401245
4349.45583119
4390.35365946
4296.21500701
4216.30911219
4261.15883022
4274.02205905
4083.07464305
3870.52345854
3850.34719659
3833.26569368
3818.82609646
3840.02402063
3635.15567336
3673.7046187
3953.89861742
3810.41775368
3768.90880844
3781.6764523
3682.50313616
3670.06612225
3682.59558719
3756.59715186
3643.40888644
3611.68721459
3567.46898409
3568.62697241
3451.15932121
3358.66911762
3362.36402486
3370.16751853
3257.69378989
3258.77813077
3112.99225917
3022.75221962
2970.71325882
3251.59828981
3504.37977482
3449.69264047
3473.66879642
3600.10733141
3594.28291655
3406.17484404
3381.26164206
3278.44512858
3250.80227078
3134.82950572
3249.21179968
3161.07462931
3125.57656794
2992.81375575
3025.26563405
3093.20147101
3068.94952893
2970.68975432
2938.94144403
2882.62466441
2700.43345778
2776.3843289
2694.88796298
2763.51326525
2708.94992126
2694.82841825
2674.34659782
2758.81549938
2691.61300279
2738.6078981
2937.75054941
2888.87059328
2913.16327649
3020.50518952
3112.68199978
3181.70217763
2981.04426962
3161.3143752
3108.48566323
3085.96678621
2972.62965897
2959.55332269
2973.92083945
3005.22413123
3005.22413123
3005.22413123
3005.22413123
3005.22413123
3005.22413123
3005.22413123
3005.22413123
3005.22413123
3005.22413123
3005.22413123
3005.22413123
3005.22413123
3005.22413123
3007.98284252
3067.13612514
3071.34951266
3071.34951266
3071.34951266
3071.34951266
3071.34951266
3071.34951266
3071.34951266
3071.34951266
3071.34951266
3071.34951266
3071.34951266
3071.34951266
3071.34951266
3114.9787502
3107.59710184
3047.12449298
3154.23852287
3140.0721029
3196.0509657
3248.76254153
3260.92083917
3246.05451989
3278.65380214
3255.27912742
3289.6624988
3369.99556831
3446.75718898
3430.84429128
3566.93382567
3638.02757013
3704.16969048
3697.07094535
3676.2554819
3795.14188365
3907.31383077
3792.93262203
3613.74040986
3641.97022724
3698.14695878
3770.58817294
3770.58817294
3770.58817294
3770.58817294
3770.58817294
3770.58817294
3770.58817294
3770.58817294
3770.58817294
3770.58817294
3770.58817294
3770.58817294
3770.58817294
3770.58817294
3761.69481372
3804.88582892
3919.80329706
3929.34338179
4003.61786254
4030.70258541
4109.14544176
4132.01054575
4049.19964171
4173.15359684
4195.65469686
4166.67927374
4193.49011012
4254.9891116
4285.51243511
4275.77091128
4310.05796521
4147.85178665
4205.26369496
4318.97076153
4441.73375221
4465.55304137
4481.23525141
4477.839059
4424.47713664
4519.04925646
4480.83237323
4349.22196557
4353.83032656
4326.6908264
4250.27296302
4243.36395556
4361.31891317
4377.88816201
4523.38726498
4536.50907813
4581.00768043
4589.71373663
4639.53987281
4558.43766704
4626.33501021
4706.90004507
4664.70562328
4674.20506679
4687.4859108
4729.72274083
4685.07394272
4612.99408787
4589.98585611
4611.91267801
4574.03682763
4652.41253762
4808.52783415
4813.8677371
4909.79338626
4889.74666256
4866.15178361
4891.67623702
4926.22304135
4976.33543308
4942.89124273
4848.25374356
4929.15981127
4905.25747266
4965.5142664
5042.87394589
5089.85696365
5117.79338514
5111.42331559
5163.73033323
5168.58430855
5174.17689387
5257.40834619
5229.22100935
5315.42987282
5407.49814005
5457.17408042
5521.31652823
5459.0877518
5443.75717667
5518.43276859
5502.34768037
5443.37196858
5557.52255456
5634.20016834
5625.70261926
5636.30290974
5772.67894224
5677.76578957
5825.15029176
5881.47372218
5959.42181585
6070.05251874
6075.63450201
5771.81664156
5869.22834578
6029.14624693
6118.42970707
6134.07127588
6058.19411744
5930.66726893
5761.67047255
5742.35705782
5768.80212322
5500.20429775
5549.39961151
5384.02871879
5072.43071516
5143.55991885
4922.15361828
5144.79329154
5231.71072585
5289.41772476
5289.41772476
5383.37109637
5344.91319789
5189.43625897
4839.4276596
4868.41439356
4925.10351278
5161.02095134
5191.10700069
5226.49370945
5316.033493
5344.66648685
5305.88931525
5423.63760452
5490.66500503
5503.33978507
5441.62937042
5551.47020783
5374.43144903
5382.31169011
5256.31127914
5156.84319001
5176.49481332
5149.80648302
5013.17754246
4996.8782869
5042.02278037
5282.00188094
5250.74214007
5326.40261317
5388.69896656
5405.48983016
5399.76649668
5511.58465057
5595.35937744
5570.20754902
5535.41947737
5637.79549155
5640.91384662
5481.08318335
5498.98787476
5370.43872098
5434.62350231
5581.20070302
5649.36914213
5675.32822361
5723.42962154
5739.72706305
5760.67573341
5766.16324015
5759.96281104
5755.88663662
5782.5568264
5941.1067691
5955.33074938
5992.23763356
6023.762226
6001.51106644
6056.50767532
5847.64319148
5968.52979039
5752.3220248
5616.78514343
5796.441579
5869.11612281
5931.49955068
5922.20434918
6017.28968913
6044.23380074
6044.23380074
6044.23380074
6044.23380074
6044.23380074
6044.23380074
6044.23380074
6044.23380074
6044.23380074
6044.23380074
6044.23380074
6044.23380074
6044.23380074
6044.23380074
6044.23380074
6044.23380074
6044.23380074
6044.23380074
6044.23380074
6044.23380074
6044.23380074
6044.23380074
6044.23380074
6044.23380074
6075.91688707
6191.68790198
6000.09534483
6081.21221577
6097.48022201
6121.9635525
6140.45181442
5960.74348782
5974.00639503
5916.75065345
5852.11549309
5710.24418125
5648.23777335
5662.48977231
5653.31561534
5562.66715273
5550.09642064
5680.81917437
5664.69300729
5558.96420502
5550.96825868
5576.8170275
5640.47066086
5646.14233614
5707.85939215
5679.99272486
5640.61250002
5715.50735974
5788.20654924
5771.80048621
5839.69227372
5811.82749762
5857.02123689
5717.76922157
5732.31624599
5774.2382286
5804.32515157
5766.09666072
5766.09666072
5766.09666072
5766.09666072
5766.09666072
5766.09666072
5766.09666072
5766.09666072
5766.09666072
5766.09666072
5766.09666072
5766.09666072
5766.09666072
5766.09666072
5766.09666072
5766.09666072
5766.09666072
5766.09666072
5766.09666072
5766.09666072
5766.09666072
5766.09666072
5766.09666072
5766.09666072
5766.09666072
5766.09666072
5766.09666072
5766.09666072
5766.09666072
5766.09666072
5766.09666072
5766.09666072
5766.09666072
5766.09666072
5766.09666072
5766.09666072
5766.09666072
5766.09666072
5766.09666072
5766.09666072
5766.09666072
5766.09666072
5766.09666072
5766.09666072
5766.09666072
5766.09666072
5766.09666072
5766.09666072
5766.09666072
5766.09666072
5766.09666072
5766.09666072
5766.09666072
5766.09666072
5766.09666072
5765.76883411
5627.64745026
5575.83781958
5582.65487624
5541.91102194
5543.94528376
5453.05698427
5457.87234468
5609.67777572
5563.45639468
5579.43957022
5558.38702292
5456.29834274
5614.75800267
5620.15954311
5579.28759762
5572.49876443
5542.26055892
5504.18273825
5269.22224206
5206.95038332
5153.59063211
5173.36660956
5132.21677131
5230.94902804
5256.33496551
5243.3803868
5364.46564209
5407.44132259
5319.6619483
5363.41703114
5263.25406092
5263.1824167
5374.23096721
5489.96678695
5504.43457856
5563.07863421
5583.96835372
5620.12697755
5591.21961782
5717.78022882
5749.15822883
5726.1170115
5802.13153543
5703.31895033
5728.32929836
5689.76082329
5771.46780665
5802.16844307
5802.16844307
5802.16844307
5802.16844307
5802.16844307
5802.16844307
5802.16844307
5802.16844307
5802.16844307
5802.16844307
5802.16844307
5802.16844307
5802.16844307
5802.16844307
5802.16844307
5802.16844307
5802.16844307
5802.16844307
5802.16844307
5802.16844307
5802.16844307
5802.16844307
5802.16844307
5802.16844307
5802.16844307
5802.16844307
5802.16844307
5802.16844307
5802.16844307
5802.16844307
5802.16844307
5802.16844307
5802.16844307
5802.16844307
5802.16844307
5802.16844307
5983.69745292
6132.69867352
6207.99893258
6251.59508431
6291.52290194
6491.48753013
6456.6765907
6558.54660025
6563.13037926
6518.52046515
6499.97123551
6666.84001794
6645.26261018
6548.04847912
6538.28446177
6508.25612112
6672.52495263
6653.76379422
6622.20170101
6744.44527551
6837.42738563
6903.00513917
6849.45051999
6806.5316664
6877.29402794
6522.67601695
6585.98809898
6324.08127886
6202.42760919
6260.5332349
6311.03345797
6301.86808478
6301.86808478
6301.86808478
6301.86808478
6301.86808478
6301.86808478
6301.86808478
6301.86808478
6301.86808478
6301.86808478
6301.86808478
6301.86808478
6301.86808478
6301.86808478
6301.86808478
6483.56606239
6492.71151691
6457.96854961
6428.52031914
6418.7648719
6328.21089776
6441.77823369
6383.6292911
6383.6292911
6383.6292911
6383.6292911
6383.6292911
6383.6292911
6383.6292911
6383.6292911
6383.6292911
6383.6292911
6383.6292911
6383.6292911
6383.6292911
6383.6292911
6422.91845933
6437.50676563
6354.70993173
6161.92027347
6167.19965585
6279.02057166
6095.88132388
6181.57624047
6137.01451959
6095.38047691
6166.82402062
6258.65203602
6266.84771371
6353.23015659
6372.04834321
6315.37295538
6415.76545397
6436.63028343
6600.10218132
6600.33666877
6656.47478439
6663.45932304
6601.60016908
6675.48420348
6500.80243976
6517.00711582
6553.36177612
6553.27526619
6613.5772414
6645.14653655
6633.50867423
6608.85334384
6698.38656948
6821.10546004
6829.59936934
6834.63515797
6732.16414446
6679.01289804
6687.73446505
6593.55019232
6672.20137925
6595.9223857
6595.9223857
6595.9223857
6595.9223857
6595.9223857
6595.9223857
6595.9223857
6595.9223857
6595.9223857
6595.9223857
6595.9223857
6595.9223857
6595.9223857
6595.9223857
6595.9223857
6595.9223857
6595.9223857
6595.9223857
6595.9223857
6595.9223857
6595.9223857
6595.9223857
6595.9223857
6595.9223857
6595.9223857
6595.9223857
6595.9223857
6595.9223857
6595.9223857
6595.9223857
6595.9223857
6595.9223857
6595.9223857
6595.9223857
6595.9223857
6595.9223857
6595.9223857
6595.9223857
6595.9223857
6595.9223857
6595.9223857
6595.9223857
6595.9223857
6595.9223857
6595.9223857
6595.9223857
6595.9223857
6595.9223857
6595.9223857
6595.9223857
6595.9223857
6595.9223857
6595.9223857
6595.9223857
6595.9223857
6595.9223857
6595.9223857
6595.9223857
6595.9223857
6595.9223857
6595.9223857
6595.9223857
6595.9223857
6595.9223857
6595.9223857
6595.9223857
6595.9223857
6595.9223857
6595.9223857
6595.9223857
6595.9223857
6677.1311822
6670.57027148
6799.79652177
6808.3469791
6794.14214809
6754.9507389
6763.42867327
6775.31760433
6659.01494605
6757.87341431
6794.05753796
6817.56706513
6809.15198399
6761.51648448
6754.80085811
6686.36093795
6698.19668551
6499.86088638
6534.38181676
6583.85698209
6548.28446876
6531.24640732
6536.21181285
6476.92670806
6475.05561561
6488.48203349
6488.48203349
6488.48203349
6488.48203349
6488.48203349
6488.48203349
6488.48203349
6488.48203349
6488.48203349
6488.48203349
6488.48203349
6488.48203349
6488.48203349
6586.8874397
6553.54576102
6744.83229468
6736.90694052
6644.64220085
6619.32130039
6621.24267652
6592.10481407
6520.50582867
6392.73818456
6371.55146656
6489.06747293
6444.8448736
6441.77582985
6373.56568771
6408.43930923
6393.55315752
6402.03300278
6287.14244728
6312.82956977
6481.00285124
6300.71329452
6275.18607179
6172.08683396
6228.49276328
6169.19574317
6100.28668435
6084.49529368
6047.27217733
6056.88937409
6241.24863757
6289.7085805
6270.58508519
6293.86597422
6147.0754169
6131.67088049
6012.65903767
5976.31794901
6113.15603588
6214.61243264
6260.53976972
6281.51758642
6378.99454241
6365.68675606
6370.24905724
6458.16555509
6468.43524603
6520.54193507
6472.8428055
6457.46405937
6511.83771434
6394.79367016
6398.78600607
6521.62512698
6524.32536968
6524.32536968
6524.32536968
6524.32536968
6524.32536968
6524.32536968
6524.32536968
6524.32536968
6524.32536968
6524.32536968
6524.32536968
6524.32536968
6524.32536968
6524.32536968
6524.32536968
6524.32536968
6524.32536968
6524.32536968
6524.32536968
6524.32536968
6524.32536968
6524.32536968
6524.32536968
6524.32536968
6524.32536968
6524.32536968
6524.32536968
6524.32536968
6524.32536968
6524.32536968
6524.32536968
6524.32536968
6524.32536968
6524.32536968
6524.32536968
6524.32536968
6524.32536968
6524.32536968
6524.32536968
6524.32536968
6524.32536968
6524.32536968
6524.32536968
6524.32536968
6433.51071741
6517.79359564
6583.20501201
6486.46322189
6507.95761258
6438.32509757
6564.57767554
6615.24505265
6617.32011863
6505.94783596
6663.85723445
6669.70205093
6676.49214371
6676.1344716
6656.02535067
6718.28016872
6690.34200269
6691.25321497
6709.46610598
6760.0880644
6822.98442131
6839.92275059
6925.2928385
6946.38129973
6960.00690397
6893.66724332
6886.93392389
6985.08937044
6940.54783791
6940.54783791
6940.54783791
6940.54783791
6940.54783791
6940.54783791
6940.54783791
6940.54783791
6940.54783791
6940.54783791
6940.54783791
6940.54783791
6940.54783791
6940.54783791
6940.54783791
6940.54783791
6940.54783791
6940.54783791
6940.54783791
6940.54783791
6940.54783791
6940.54783791
6940.54783791
6940.54783791
6949.7643254
7075.99890038
7100.97251131
7094.5462537
7028.20379758
7166.24944275
7159.58539856
7244.55346688
7189.54650778
7190.28695713
7244.40296904
7238.03390062
7212.80745333
7339.58683048
7344.53519933
7380.45602286
7380.25435576
7371.03485831
7249.74263227
7254.68799116
7208.79518102
7165.87921807
7148.17465263
7061.93638257
7160.34390766
7160.34390766
7160.34390766
7160.34390766
7160.34390766
7160.34390766
7160.34390766
7160.34390766
7160.34390766
7160.34390766
7160.34390766
7160.34390766
7160.34390766
7160.34390766
7160.34390766
7160.34390766
7160.34390766
7160.34390766
7160.34390766
7160.34390766
7160.34390766
7160.34390766
7188.90644299
7141.54949867
7116.97243339
7017.64607708
6903.53561343
6897.18183057
6881.24926223
6815.78388158
6907.62351378
6909.7310949
6919.30056854
6913.47135301
6832.88663855
6901.87500091
6738.0951512
6718.30127076
6752.27709251
6783.65180531
6784.90580056
6667.14198937
6708.21033375
6732.7718793
6781.6342387
6731.34095897
6646.80181396
6662.90199553
6630.50297968
6599.00721289
6607.57721507
6549.06467936
6529.57188193
6590.8003727
6553.00048623
6620.08923201
6688.74857581
6697.14165292
6707.60195982
6748.30093431
6731.88725393
6630.27639143
6650.28754828
6577.09643948
6556.15099409
6564.51303171
6539.88630325
6574.99506625
6542.22668052
6558.86694915
6493.78335418
6380.81203967
6434.96352755
6373.1359747
6371.11840809
6355.40311615
6391.48651903
6343.38152309
6324.85715764
6369.04807435
6604.46395459
6626.5982123
6582.09069283
6600.71438464
6550.50801547
6592.31199568
6451.55723695
6392.71568269
6418.44120897
6284.99004138
6290.74165819
6310.92353222
6298.82123649
6220.84694284
6382.72096808
6475.36141903
6438.89002257
6565.5652703
6580.19107627
6527.19425728
6533.60080726
6533.60080726
6533.92768919
6555.12831715
6636.28843034
6625.74726643
6639.61951286
6582.61441762
6587.4180254
6542.55737211
6432.44174634
6409.82151686
6420.41871768
6440.75699998
6551.42365529
6590.70552365
6581.30688991
6556.31443158
6555.47699121
6448.94150085
6441.33916113
6473.11519778
6375.40863266
6398.8507367
6320.62010822
6272.16375371
6279.1901586
6254.10119227
6320.71038989
6274.92201456
6311.57326169
6280.69070231
6198.8176752
6143.89528482
6112.65471191
6164.42346996
6101.07063898
6148.93860601
6325.65408992
6317.34194944
6418.67223423
6487.11197065
6458.88805097
6483.86183033
6417.70715425
6695.24236451
6725.49295215
6732.09908028
6731.398619
6750.43248674
6703.6012024
6721.48008733
6891.32793757
6908.51570071
6867.31301186
6952.47353724
7064.16130943
7088.64320932
7114.70659511
7085.77287467
7083.50026697
7109.39554206
6982.8112934
7196.81933565
7240.22302948
7189.84274134
7113.29010676
7213.41248499
7248.12734583
7207.40097066
7225.37013726
7168.35881571
7133.1987728
7305.04838571
7343.87573254
7417.02879506
7426.2032812
7530.79927211
7559.23488676
7574.72597703
7578.9194052
7529.27382311
7572.45959566
7538.70047531
7418.39547284
7462.80160459
7241.06046985
7204.36563846
7240.64953256
7139.54028222
7201.42681426
7364.47240722
7345.52259483
7345.52259483
7345.52259483
7345.52259483
7345.52259483
7345.52259483
7345.52259483
7345.52259483
7345.52259483
7345.52259483
7345.52259483
7345.52259483
7345.52259483
7345.52259483
7345.52259483
7345.52259483
7345.52259483
7345.52259483
7345.52259483
7345.52259483
7345.52259483
7345.52259483
7345.52259483
7345.52259483
7345.52259483
7345.52259483
7345.52259483
7345.52259483
7345.52259483
7345.52259483
7345.52259483
7345.52259483
7345.52259483
7345.52259483
7345.52259483
7345.52259483
7459.10805466
7395.18344907
7323.24262867
7310.50209263
7415.99736252
7502.30953447
7517.13482436
7553.19770348
7508.37885818
7554.98319428
7538.46992627
7538.46992627
7564.94795989
7656.78630714
7762.41281753
7820.61212708
7838.04879799
7828.83062037
7737.92055142
7781.6686419
7797.1195453
7893.14704594
7902.32442012
7881.01142221
7822.68290176
7818.11631654
7726.86621891
7721.81679295
7623.81712595
7517.68737311
7305.0232333
7351.55955899
7331.74948786
7342.20877018
7288.3584275
7086.26917976
7049.11764575
6675.56213355
6662.8892645
6635.64276606
6630.60354096
6729.86811467
6784.39511443
6822.87956088
6781.08323505
6821.30862836
6821.30862836
6821.30862836
6821.30862836
6969.40615788
7194.5267581
7078.24423732
7147.32309998
7169.29201079
7097.11042992
7022.40225077
6915.68817977
6957.73105268
7093.4801802
7056.87574066
7014.69057308
6978.86007779
6858.97160151
6906.72014414
6919.6828427
7042.08403484
7043.30221615
7116.40350656
7151.17546823
7103.55186727
7097.01672366
7122.49094251
7292.71703053
7309.62927419
7288.73972061
7225.37693948
7178.77369552
7238.29452021
7193.1523997
7194.42264004
7174.16473603
7140.61789688
7276.0269054
7300.64388555
7292.77950137
7278.64026872
7282.64881406
7282.87787379
7368.47680209
7384.1153348
7366.10985151
7427.06403484
7678.76250535
7767.15179766
7778.54925471
7828.30727591
7761.01924389
7744.30482455
7585.20895722
7607.04251454
7708.3597994
7661.46155426
7630.17060642
7481.95507643
7496.59407576
7547.39674818
7629.07389618
7676.16996563
7603.84261948
7733.00801496
7766.41950064
7766.41950064
7766.41950064
7766.41950064
7766.41950064
7766.41950064
7766.41950064
7766.41950064
7766.41950064
7766.41950064
7766.41950064
7766.41950064
7766.41950064
7766.41950064
7766.41950064
7766.41950064
7766.41950064
7766.41950064
7766.41950064
7766.41950064
7766.41950064
7766.41950064
7766.41950064
7766.41950064
7766.41950064
7766.41950064
7766.41950064
7766.41950064
7766.41950064
7733.36470413
7697.22906538
7686.51829728
7749.88506046
7814.32571722
7818.31144684
7772.07064555
7825.93785174
7928.36969452
7911.82469145
7876.77350917
7880.61840029
7878.1255588
7878.1255588
7878.1255588
7878.1255588
7878.1255588
7878.1255588
7878.1255588
7878.1255588
7878.1255588
7878.1255588
7878.1255588
7878.1255588
7878.1255588
7878.1255588
7864.17083214
7933.34083536
7908.62949647
7810.2078067
7669.88444444
7675.91324628
7664.75171451
7602.07167148
7548.36734463
7534.36762692
7599.14725268
7586.04735614
7587.37084311
7517.06481567
7465.71502087
7529.67730907
7692.52994389
7656.65332398
7702.43922453
7623.35994067
7642.90480634
7685.65006119
7622.54635236
7665.34034753
7821.19687275
7887.1987556
7910.75907324
7867.4401824
7932.85343223
8006.2151024
7944.91853442
8032.98103297
8018.83884357
7924.77378797
7786.02511275
7626.8055059
7653.18151396
7676.05196871
7709.60030135
7780.58494392
7780.58494392
7780.58494392
7780.58494392
7780.58494392
7780.58494392
7780.58494392
7780.58494392
7780.58494392
7780.58494392
7780.58494392
7780.58494392
7780.58494392
7780.58494392
7780.58494392
7851.48959711
7855.41101201
7841.57586506
7776.66732884
7758.13940339
7726.19811107
7779.98077244
7823.78510481
7765.70104647
7823.18853297
7973.10285677
7999.5230097
8109.95719703
8095.67747105
8099.46589223
7985.70686184
7999.08603032
7975.38654898
7971.06615291
7849.76827836
7876.38602196
7855.68079928
7816.35645545
7738.40693479
7612.89125934
7676.93343644
7699.79695725
7703.57777879
7706.18065593
7706.18065593
7706.18065593
7706.18065593
7866.10286694
7857.89141165
7847.09352036
7759.20834134
7765.07092958
7683.37403814
7694.62407675
7759.12021092
7745.07298969
7795.97404995
7822.43999569
7795.95872292
7855.97553314
7819.06421776
7813.7648978
7810.28949418
7758.67189535
7820.14860499
7778.29815481
7780.39029415
7864.80390131
7874.06142628
7861.66569231
7934.47673922
7992.98000542
7919.08457127
7876.24935954
7754.46079439
7765.72232827
7756.87480131
7793.52938897
7761.23150904
7811.71490779
7803.41149033
7848.69136304
7856.56179196
7891.18938016
7905.79220617
7905.79220617
7905.79220617
7905.79220617
7905.79220617
7905.79220617
7905.79220617
7905.79220617
7905.79220617
7905.79220617
7905.79220617
7905.79220617
7905.79220617
7905.79220617
7905.79220617
7905.79220617
7905.79220617
7905.79220617
7905.79220617
7905.79220617
7905.79220617
7905.79220617
7905.79220617
7905.79220617
7905.79220617
7905.79220617
7905.79220617
7905.79220617
7905.79220617
7905.79220617
7905.79220617
7905.79220617
7905.79220617
7905.79220617
7905.79220617
7905.79220617
7905.79220617
7905.79220617
7905.79220617
7905.79220617
7905.79220617
7905.79220617
7905.79220617
7905.79220617
7905.79220617
7905.79220617
7905.79220617
7905.79220617
7905.79220617
7905.79220617
7905.79220617
7905.79220617
7905.79220617
7905.79220617
7905.79220617
7905.79220617
7905.79220617
7905.79220617
7905.79220617
7905.79220617
7905.79220617
7905.79220617
7905.79220617
7905.79220617
7905.79220617
7905.79220617
7905.79220617
7905.79220617
7905.79220617
7905.79220617
7905.79220617
7905.79220617
7905.79220617
7905.79220617
7905.79220617
7905.79220617
7905.79220617
7905.79220617
7905.79220617
7905.79220617
7905.79220617
7905.79220617
7905.79220617
7905.79220617
7905.79220617
7880.72103175
8061.59979455
8048.56395708
8129.39592626
8100.48895668
8078.38669425
8062.6948049
8005.19698478
7987.66378339
7993.11928137
8104.35082353
8254.54974284
8367.69429415
8487.45453297
8572.64698978
8743.25025369
8734.51624259
9006.28086421
9058.3590349
9449.20929076
9573.67220795
9842.89810023
9308.46461257
9581.3600931
9534.87755564
9575.38642058
9625.07903301
9847.00438903
9975.73980195
9964.33670312
10130.7880528
10192.2161779
9883.15928425
9687.36100547
10013.269978
10290.4998745
10324.4354184
10317.2624488
10541.6809088
10919.2052798
10922.2263351
10995.5789925
10733.2392814
10707.0242123
10524.2096276
10543.7144994
10501.7912461
10873.3712752
11003.8600083
11003.8600083
11003.8600083
11003.8600083
11003.8600083
11003.8600083
11003.8600083
11003.8600083
11003.8600083
11003.8600083
11003.8600083
11003.8600083
11003.8600083
11003.8600083
11003.8600083
11003.8600083
11003.8600083
11003.8600083
11003.8600083
11003.8600083
11003.8600083
11003.8600083
11003.8600083
11003.8600083
11003.8600083
11043.7071274
11130.3872889
10886.070136
10941.0534222
10837.4422385
10813.1249536
11017.3681283
10962.855241
10978.9755758
11173.8841692
11252.5775588
11507.4403198
11686.0651065
11934.4557131
11951.0364384
12067.9589085
12302.858076
12315.1418245
12212.7783654
12284.0654754
12314.0942697
12632.6043296
12503.5982806
12711.7581095
12763.4352592
12890.6931592
13215.7988114
13327.3367161
13202.9746047
13459.1117795
13750.7090205
13796.9148644
13625.4294645
13994.6091531
14303.1140631
14068.8521026
14324.2219602
14674.0886069
14727.5139054
14658.0483399
15104.126563
14933.3784549
14934.7296005
14818.0806956
14947.5538073
14341.1796717
14109.5165814
13719.0121452
14031.6205345
14457.5383305
14683.1796484
14598.2442996
14598.2442996
14598.2442996
14598.2442996
14598.2442996
14598.2442996
14598.2442996
14598.2442996
14598.2442996
14598.2442996
14598.2442996
14598.2442996
14598.2442996
14598.2442996
14598.2442996
14598.2442996
14598.2442996
14598.2442996
14598.2442996
14598.2442996
14598.2442996
14598.2442996
14598.2442996
14598.2442996
14598.2442996
14598.2442996
14598.2442996
14598.2442996
14598.2442996
14598.2442996
14598.2442996
14598.2442996
14598.2442996
14598.2442996
14598.2442996
14598.2442996
14598.2442996
14598.2442996
